13 2
15 6
16 4
17 8
18 10
19 21
20 43
21 68
22 96
23 203
24 283
25 372
26 546
27 784
28 1116
29 1592
30 2192
31 3026
32 3999
33 5167
34 6929
35 8718
36 10760
37 13242
38 16256
39 19327
40 22974
41 26410
42 30194
43 33861
44 37795
45 40656
46 43679
47 46623
48 48236
49 49705
50 49751
51 49502
52 48252
53 46576
54 43943
55 41060
56 37694
57 34185
58 30214
59 26343
60 22996
61 19349
62 16085
63 13252
64 10777
65 8730
66 6703
67 5209
68 4009
69 3037
70 2199
71 1602
72 1100
73 863
74 562
75 395
76 252
77 163
78 108
79 70
80 38
81 27
82 19
83 15
84 7
85 2
86 2
87 5
88 1
